4439
4852
4133
4219
4178
4475
4621
4882
4056
4032
4314
4033
4007
4329
4821
4850
4047
4860
4139
4184
4045
4508
4247
4309
4119
4342
4175
4041
4239
4174
4573
4843
4460
4348
4250
4117
4335
4321
4103
4300
4575
4322
4257
4027
4012
4192
4351
4163
4297
4835
4221
4148
4021
4493
4333
4336
4207
4195
4044
4043
4080
4346
4845
4066
4280
4096
4547
4162
4350
4216
4009
4330
4039
4865
4220
4049
4285
4072
4037
4227
4306
4385
4161
4311
4885
4026
4024
4307
4567
4747
4166
4167
4331
4476
4065
4164
4507
4883
4299
4254
4251
4415
4548
4153
4842
4338
4172
4287
4097
4008
4325
4288
4135
4881
4293
4302
4352
4603
4214
4206
4837
4844
4334
4343
4332
4282
4090
4345
4088
4849
4838
4695
4025
4023
4050
4253
4388
4011
4383
4523
4318
4071
4472
4030
4339
4884
5099
4349
4454
4176
4563
4326
4627
4028
4308
4354
4384
4200
4138
4810
4271
4848
4879
4029
4836
4230
4711
4125
4465
4199
4224
4839
4019
4851
4340
4273
4086
4316
4328
4886
4880
4337
4013
4142
4341
